1 player
map-1-5-3.json 2
MonsterFlower
15.5208 7.60417
2
100
MonsterFlower
23.5208 6.52083
2
100
MonsterFlower
39.5625 7.45833
2
100
MonsterFlower
70.4792 10.5833
2
100
MonsterFlower
77.5625 10.6042
2
100
LarvaBubble
92.1705 14.4638
2
100
Boss
110.436 8.985
2
1700
Koopa
82.5582 12.2975
0
2
200
Princess
121.688 11.985
MonsterFlower
53.4375 9.5625
2
100
LarvaBubble
90.9645 14.4167
2
100
LarvaBubble
33.0625 14.3498
2
100
LarvaBubble
31.625 14.5228
2
100
LarvaBubble
34.1562 14.3185
2
100
Koopa
18.921 9.2975
0
2
200
Koopa
27.5773 9.2975
0
2
200
Koopa
74.7177 12.2975
0
2
200
Goomba
17.4581 10.0475
2
200
Koopa
47.3938 9.2975
0
2
200
Goomba
59.224 10.0475
2
200
Goomba
55.8177 10.0475
2
200
Goomba
56.8802 10.0475
2
200
Goomba
57.9251 10.0475
2
200
Goomba
60.0932 10.0475
2
200
Goomba
73.286 13.0487
2
200
Goomba
81.2429 13.0475
2
200
Goomba
79.3429 13.0431
2
200
EffectManager
1
31 6 coin
1
31 6 1
Player
68.375 12.7975
68.375 12.1875
0
mario
0
0
3
297.963
1-5
