map-1-1.json 2
MonsterFlower
182.994 10.5984
2
100
MonsterFlower
46.9625 9.44212
2
100
Koopa
56.6775 12.2942
2
200
Koopa
35.8171 12.2975
2
200
Goomba
30.7816 13.0405
2
200
Goomba
62.8753 13.0475
2
200
Goomba
119.042 13.0475
2
200
Goomba
122.042 13.0475
2
200
Goomba
120.667 13.0475
2
200
Goomba
61.5898 13.0475
2
200
Goomba
88.2566 13.0475
2
200
Goomba
60.3813 13.0475
2
200
Goomba
89.5898 13.0475
2
200
Player
3.71875 12.735
3.71875 11.7135
0
luigi
0
0
1
292.115
1-1
EffectManager
11
13 9 coin
15 9 mushroom_fireflower
42 2 star
58 8 mushroom_fireflower
60 8 coin
62 8 coin
94 9 coin
95 9 star
96 9 coin
97 9 coin
173 9 coin
11
13 9 1
15 9 1
42 2 1
58 8 1
60 8 2
62 8 1
94 9 1
95 9 1
96 9 1
97 9 1
173 9 1
