1 player
map-1-1.json 1
MonsterFlower
182.531 10.625
1
100
MonsterFlower
46.5 9.46875
1
100
Koopa
53.3332 12.2943
0
1
100
Koopa
34.3937 12.2975
0
1
100
Goomba
30.777 13.0475
1
100
Goomba
66.2278 13.0475
1
100
Goomba
122.394 13.0475
1
100
Goomba
125.394 13.0475
1
100
Goomba
124.025 13.0475
1
100
Goomba
64.942 13.0475
1
100
Goomba
91.6146 13.0476
1
100
Goomba
63.7278 13.0475
1
100
Goomba
92.942 13.0475
1
100
EffectManager
11
13 9 coin
15 9 mushroom_fireflower
42 2 star
58 8 mushroom_fireflower
60 8 coin
62 8 coin
94 9 coin
95 9 star
96 9 coin
97 9 coin
173 9 coin
11
13 9 1
15 9 1
42 2 1
58 8 1
60 8 2
62 8 1
94 9 1
95 9 1
96 9 1
97 9 1
173 9 1
Player
3.71875 12.7975
3.71875 11.7135
0
mario
0
0
3
299.135
1-1
