map-1-1.json 1
MonsterFlower
182.994 12.2093
1
100
MonsterFlower
46.9625 11.053
1
100
Koopa
54.2894 12.2944
1
100
Koopa
33.4248 12.2975
1
100
Goomba
31.7122 13.0475
1
100
Goomba
65.2916 13.0475
1
100
Goomba
121.458 13.0475
1
100
Goomba
124.458 13.0475
1
100
Goomba
123.089 13.0475
1
100
Goomba
63.9941 13.0475
1
100
Goomba
90.6607 13.0475
1
100
Goomba
62.7916 13.0475
1
100
Goomba
91.9941 13.0475
1
100
Player
3.71875 12.7975
3.71875 11.7135
0
mario
0
0
3
298.664
1-1
EffectManager
11
13 9 coin
15 9 mushroom_fireflower
42 2 star
58 8 mushroom_fireflower
60 8 coin
62 8 coin
94 9 coin
95 9 star
96 9 coin
97 9 coin
173 9 coin
11
13 9 1
15 9 1
42 2 1
58 8 1
60 8 2
62 8 1
94 9 1
95 9 1
96 9 1
97 9 1
173 9 1
